68
2 0.90936238 0.85729878 0.80235413 0.77740874 0.76542854 0.75005461 0.75312617 0.71480380 0.78492946 0.83998674 0.89087924 0.93075052 0.93975628 0.93975628 0.75442731 0.82012493 0.81374613 0.85514762 0.86936304 0.89206321 1.00000000 0.97586953 0.95055868 0.85896715
3 0.90936238 0.85729878 0.80235413 0.77740874 0.76542854 0.75005461 0.75312617 0.71480380 0.78492946 0.83998674 0.89087924 0.93075052 0.93975628 0.93975628 0.75442731 0.82012493 0.81374613 0.85514762 0.86936304 0.89206321 1.00000000 0.97586953 0.95055868 0.85896715
4 0.90936238 0.85729878 0.80235413 0.77740874 0.76542854 0.75005461 0.75312617 0.71480380 0.78492946 0.83998674 0.89087924 0.93075052 0.93975628 0.93975628 0.75442731 0.82012493 0.81374613 0.85514762 0.86936304 0.89206321 1.00000000 0.97586953 0.95055868 0.85896715
5 0.90936238 0.85729878 0.80235413 0.77740874 0.76542854 0.75005461 0.75312617 0.71480380 0.78492946 0.83998674 0.89087924 0.93075052 0.93975628 0.93975628 0.75442731 0.82012493 0.81374613 0.85514762 0.86936304 0.89206321 1.00000000 0.97586953 0.95055868 0.85896715
6 0.90936238 0.85729878 0.80235413 0.77740874 0.76542854 0.75005461 0.75312617 0.71480380 0.78492946 0.83998674 0.89087924 0.93075052 0.93975628 0.93975628 0.75442731 0.82012493 0.81374613 0.85514762 0.86936304 0.89206321 1.00000000 0.97586953 0.95055868 0.85896715
7 0.90936238 0.85729878 0.80235413 0.77740874 0.76542854 0.75005461 0.75312617 0.71480380 0.78492946 0.83998674 0.89087924 0.93075052 0.93975628 0.93975628 0.75442731 0.82012493 0.81374613 0.85514762 0.86936304 0.89206321 1.00000000 0.97586953 0.95055868 0.85896715
8 0.90936238 0.85729878 0.80235413 0.77740874 0.76542854 0.75005461 0.75312617 0.71480380 0.78492946 0.83998674 0.89087924 0.93075052 0.93975628 0.93975628 0.75442731 0.82012493 0.81374613 0.85514762 0.86936304 0.89206321 1.00000000 0.97586953 0.95055868 0.85896715
9 0.90936238 0.85729878 0.80235413 0.77740874 0.76542854 0.75005461 0.75312617 0.71480380 0.78492946 0.83998674 0.89087924 0.93075052 0.93975628 0.93975628 0.75442731 0.82012493 0.81374613 0.85514762 0.86936304 0.89206321 1.00000000 0.97586953 0.95055868 0.85896715
10 0.90936238 0.85729878 0.80235413 0.77740874 0.76542854 0.75005461 0.75312617 0.71480380 0.78492946 0.83998674 0.89087924 0.93075052 0.93975628 0.93975628 0.75442731 0.82012493 0.81374613 0.85514762 0.86936304 0.89206321 1.00000000 0.97586953 0.95055868 0.85896715
11 0.90936238 0.85729878 0.80235413 0.77740874 0.76542854 0.75005461 0.75312617 0.71480380 0.78492946 0.83998674 0.89087924 0.93075052 0.93975628 0.93975628 0.75442731 0.82012493 0.81374613 0.85514762 0.86936304 0.89206321 1.00000000 0.97586953 0.95055868 0.85896715
12 0.90936238 0.85729878 0.80235413 0.77740874 0.76542854 0.75005461 0.75312617 0.71480380 0.78492946 0.83998674 0.89087924 0.93075052 0.93975628 0.93975628 0.75442731 0.82012493 0.81374613 0.85514762 0.86936304 0.89206321 1.00000000 0.97586953 0.95055868 0.85896715
13 0.90936238 0.85729878 0.80235413 0.77740874 0.76542854 0.75005461 0.75312617 0.71480380 0.78492946 0.83998674 0.89087924 0.93075052 0.93975628 0.93975628 0.75442731 0.82012493 0.81374613 0.85514762 0.86936304 0.89206321 1.00000000 0.97586953 0.95055868 0.85896715
14 0.90936238 0.85729878 0.80235413 0.77740874 0.76542854 0.75005461 0.75312617 0.71480380 0.78492946 0.83998674 0.89087924 0.93075052 0.93975628 0.93975628 0.75442731 0.82012493 0.81374613 0.85514762 0.86936304 0.89206321 1.00000000 0.97586953 0.95055868 0.85896715
15 0.90936238 0.85729878 0.80235413 0.77740874 0.76542854 0.75005461 0.75312617 0.71480380 0.78492946 0.83998674 0.89087924 0.93075052 0.93975628 0.93975628 0.75442731 0.82012493 0.81374613 0.85514762 0.86936304 0.89206321 1.00000000 0.97586953 0.95055868 0.85896715
16 0.90936238 0.85729878 0.80235413 0.77740874 0.76542854 0.75005461 0.75312617 0.71480380 0.78492946 0.83998674 0.89087924 0.93075052 0.93975628 0.93975628 0.75442731 0.82012493 0.81374613 0.85514762 0.86936304 0.89206321 1.00000000 0.97586953 0.95055868 0.85896715
17 0.90936238 0.85729878 0.80235413 0.77740874 0.76542854 0.75005461 0.75312617 0.71480380 0.78492946 0.83998674 0.89087924 0.93075052 0.93975628 0.93975628 0.75442731 0.82012493 0.81374613 0.85514762 0.86936304 0.89206321 1.00000000 0.97586953 0.95055868 0.85896715
18 0.90936238 0.85729878 0.80235413 0.77740874 0.76542854 0.75005461 0.75312617 0.71480380 0.78492946 0.83998674 0.89087924 0.93075052 0.93975628 0.93975628 0.75442731 0.82012493 0.81374613 0.85514762 0.86936304 0.89206321 1.00000000 0.97586953 0.95055868 0.85896715
19 0.90936238 0.85729878 0.80235413 0.77740874 0.76542854 0.75005461 0.75312617 0.71480380 0.78492946 0.83998674 0.89087924 0.93075052 0.93975628 0.93975628 0.75442731 0.82012493 0.81374613 0.85514762 0.86936304 0.89206321 1.00000000 0.97586953 0.95055868 0.85896715
20 0.90936238 0.85729878 0.80235413 0.77740874 0.76542854 0.75005461 0.75312617 0.71480380 0.78492946 0.83998674 0.89087924 0.93075052 0.93975628 0.93975628 0.75442731 0.82012493 0.81374613 0.85514762 0.86936304 0.89206321 1.00000000 0.97586953 0.95055868 0.85896715
21 0.90936238 0.85729878 0.80235413 0.77740874 0.76542854 0.75005461 0.75312617 0.71480380 0.78492946 0.83998674 0.89087924 0.93075052 0.93975628 0.93975628 0.75442731 0.82012493 0.81374613 0.85514762 0.86936304 0.89206321 1.00000000 0.97586953 0.95055868 0.85896715
22 0.90936238 0.85729878 0.80235413 0.77740874 0.76542854 0.75005461 0.75312617 0.71480380 0.78492946 0.83998674 0.89087924 0.93075052 0.93975628 0.93975628 0.75442731 0.82012493 0.81374613 0.85514762 0.86936304 0.89206321 1.00000000 0.97586953 0.95055868 0.85896715
23 0.90936238 0.85729878 0.80235413 0.77740874 0.76542854 0.75005461 0.75312617 0.71480380 0.78492946 0.83998674 0.89087924 0.93075052 0.93975628 0.93975628 0.75442731 0.82012493 0.81374613 0.85514762 0.86936304 0.89206321 1.00000000 0.97586953 0.95055868 0.85896715
24 0.90936238 0.85729878 0.80235413 0.77740874 0.76542854 0.75005461 0.75312617 0.71480380 0.78492946 0.83998674 0.89087924 0.93075052 0.93975628 0.93975628 0.75442731 0.82012493 0.81374613 0.85514762 0.86936304 0.89206321 1.00000000 0.97586953 0.95055868 0.85896715
25 0.90936238 0.85729878 0.80235413 0.77740874 0.76542854 0.75005461 0.75312617 0.71480380 0.78492946 0.83998674 0.89087924 0.93075052 0.93975628 0.93975628 0.75442731 0.82012493 0.81374613 0.85514762 0.86936304 0.89206321 1.00000000 0.97586953 0.95055868 0.85896715
26 0.90936238 0.85729878 0.80235413 0.77740874 0.76542854 0.75005461 0.75312617 0.71480380 0.78492946 0.83998674 0.89087924 0.93075052 0.93975628 0.93975628 0.75442731 0.82012493 0.81374613 0.85514762 0.86936304 0.89206321 1.00000000 0.97586953 0.95055868 0.85896715
27 0.90936238 0.85729878 0.80235413 0.77740874 0.76542854 0.75005461 0.75312617 0.71480380 0.78492946 0.83998674 0.89087924 0.93075052 0.93975628 0.93975628 0.75442731 0.82012493 0.81374613 0.85514762 0.86936304 0.89206321 1.00000000 0.97586953 0.95055868 0.85896715
28 0.90936238 0.85729878 0.80235413 0.77740874 0.76542854 0.75005461 0.75312617 0.71480380 0.78492946 0.83998674 0.89087924 0.93075052 0.93975628 0.93975628 0.75442731 0.82012493 0.81374613 0.85514762 0.86936304 0.89206321 1.00000000 0.97586953 0.95055868 0.85896715
29 0.90936238 0.85729878 0.80235413 0.77740874 0.76542854 0.75005461 0.75312617 0.71480380 0.78492946 0.83998674 0.89087924 0.93075052 0.93975628 0.93975628 0.75442731 0.82012493 0.81374613 0.85514762 0.86936304 0.89206321 1.00000000 0.97586953 0.95055868 0.85896715
30 0.90936238 0.85729878 0.80235413 0.77740874 0.76542854 0.75005461 0.75312617 0.71480380 0.78492946 0.83998674 0.89087924 0.93075052 0.93975628 0.93975628 0.75442731 0.82012493 0.81374613 0.85514762 0.86936304 0.89206321 1.00000000 0.97586953 0.95055868 0.85896715
31 0.90936238 0.85729878 0.80235413 0.77740874 0.76542854 0.75005461 0.75312617 0.71480380 0.78492946 0.83998674 0.89087924 0.93075052 0.93975628 0.93975628 0.75442731 0.82012493 0.81374613 0.85514762 0.86936304 0.89206321 1.00000000 0.97586953 0.95055868 0.85896715
32 0.90936238 0.85729878 0.80235413 0.77740874 0.76542854 0.75005461 0.75312617 0.71480380 0.78492946 0.83998674 0.89087924 0.93075052 0.93975628 0.93975628 0.75442731 0.82012493 0.81374613 0.85514762 0.86936304 0.89206321 1.00000000 0.97586953 0.95055868 0.85896715
33 0.90936238 0.85729878 0.80235413 0.77740874 0.76542854 0.75005461 0.75312617 0.71480380 0.78492946 0.83998674 0.89087924 0.93075052 0.93975628 0.93975628 0.75442731 0.82012493 0.81374613 0.85514762 0.86936304 0.89206321 1.00000000 0.97586953 0.95055868 0.85896715
34 0.90936238 0.85729878 0.80235413 0.77740874 0.76542854 0.75005461 0.75312617 0.71480380 0.78492946 0.83998674 0.89087924 0.93075052 0.93975628 0.93975628 0.75442731 0.82012493 0.81374613 0.85514762 0.86936304 0.89206321 1.00000000 0.97586953 0.95055868 0.85896715
35 0.90936238 0.85729878 0.80235413 0.77740874 0.76542854 0.75005461 0.75312617 0.71480380 0.78492946 0.83998674 0.89087924 0.93075052 0.93975628 0.93975628 0.75442731 0.82012493 0.81374613 0.85514762 0.86936304 0.89206321 1.00000000 0.97586953 0.95055868 0.85896715
36 0.90936238 0.85729878 0.80235413 0.77740874 0.76542854 0.75005461 0.75312617 0.71480380 0.78492946 0.83998674 0.89087924 0.93075052 0.93975628 0.93975628 0.75442731 0.82012493 0.81374613 0.85514762 0.86936304 0.89206321 1.00000000 0.97586953 0.95055868 0.85896715
37 0.90936238 0.85729878 0.80235413 0.77740874 0.76542854 0.75005461 0.75312617 0.71480380 0.78492946 0.83998674 0.89087924 0.93075052 0.93975628 0.93975628 0.75442731 0.82012493 0.81374613 0.85514762 0.86936304 0.89206321 1.00000000 0.97586953 0.95055868 0.85896715
38 0.90936238 0.85729878 0.80235413 0.77740874 0.76542854 0.75005461 0.75312617 0.71480380 0.78492946 0.83998674 0.89087924 0.93075052 0.93975628 0.93975628 0.75442731 0.82012493 0.81374613 0.85514762 0.86936304 0.89206321 1.00000000 0.97586953 0.95055868 0.85896715
39 0.90936238 0.85729878 0.80235413 0.77740874 0.76542854 0.75005461 0.75312617 0.71480380 0.78492946 0.83998674 0.89087924 0.93075052 0.93975628 0.93975628 0.75442731 0.82012493 0.81374613 0.85514762 0.86936304 0.89206321 1.00000000 0.97586953 0.95055868 0.85896715
40 0.90936238 0.85729878 0.80235413 0.77740874 0.76542854 0.75005461 0.75312617 0.71480380 0.78492946 0.83998674 0.89087924 0.93075052 0.93975628 0.93975628 0.75442731 0.82012493 0.81374613 0.85514762 0.86936304 0.89206321 1.00000000 0.97586953 0.95055868 0.85896715
41 0.90936238 0.85729878 0.80235413 0.77740874 0.76542854 0.75005461 0.75312617 0.71480380 0.78492946 0.83998674 0.89087924 0.93075052 0.93975628 0.93975628 0.75442731 0.82012493 0.81374613 0.85514762 0.86936304 0.89206321 1.00000000 0.97586953 0.95055868 0.85896715
42 0.90936238 0.85729878 0.80235413 0.77740874 0.76542854 0.75005461 0.75312617 0.71480380 0.78492946 0.83998674 0.89087924 0.93075052 0.93975628 0.93975628 0.75442731 0.82012493 0.81374613 0.85514762 0.86936304 0.89206321 1.00000000 0.97586953 0.95055868 0.85896715
43 0.90936238 0.85729878 0.80235413 0.77740874 0.76542854 0.75005461 0.75312617 0.71480380 0.78492946 0.83998674 0.89087924 0.93075052 0.93975628 0.93975628 0.75442731 0.82012493 0.81374613 0.85514762 0.86936304 0.89206321 1.00000000 0.97586953 0.95055868 0.85896715
44 0.90936238 0.85729878 0.80235413 0.77740874 0.76542854 0.75005461 0.75312617 0.71480380 0.78492946 0.83998674 0.89087924 0.93075052 0.93975628 0.93975628 0.75442731 0.82012493 0.81374613 0.85514762 0.86936304 0.89206321 1.00000000 0.97586953 0.95055868 0.85896715
45 0.90936238 0.85729878 0.80235413 0.77740874 0.76542854 0.75005461 0.75312617 0.71480380 0.78492946 0.83998674 0.89087924 0.93075052 0.93975628 0.93975628 0.75442731 0.82012493 0.81374613 0.85514762 0.86936304 0.89206321 1.00000000 0.97586953 0.95055868 0.85896715
46 0.90936238 0.85729878 0.80235413 0.77740874 0.76542854 0.75005461 0.75312617 0.71480380 0.78492946 0.83998674 0.89087924 0.93075052 0.93975628 0.93975628 0.75442731 0.82012493 0.81374613 0.85514762 0.86936304 0.89206321 1.00000000 0.97586953 0.95055868 0.85896715
47 0.90936238 0.85729878 0.80235413 0.77740874 0.76542854 0.75005461 0.75312617 0.71480380 0.78492946 0.83998674 0.89087924 0.93075052 0.93975628 0.93975628 0.75442731 0.82012493 0.81374613 0.85514762 0.86936304 0.89206321 1.00000000 0.97586953 0.95055868 0.85896715
48 0.90936238 0.85729878 0.80235413 0.77740874 0.76542854 0.75005461 0.75312617 0.71480380 0.78492946 0.83998674 0.89087924 0.93075052 0.93975628 0.93975628 0.75442731 0.82012493 0.81374613 0.85514762 0.86936304 0.89206321 1.00000000 0.97586953 0.95055868 0.85896715
49 0.90936238 0.85729878 0.80235413 0.77740874 0.76542854 0.75005461 0.75312617 0.71480380 0.78492946 0.83998674 0.89087924 0.93075052 0.93975628 0.93975628 0.75442731 0.82012493 0.81374613 0.85514762 0.86936304 0.89206321 1.00000000 0.97586953 0.95055868 0.85896715
50 0.90936238 0.85729878 0.80235413 0.77740874 0.76542854 0.75005461 0.75312617 0.71480380 0.78492946 0.83998674 0.89087924 0.93075052 0.93975628 0.93975628 0.75442731 0.82012493 0.81374613 0.85514762 0.86936304 0.89206321 1.00000000 0.97586953 0.95055868 0.85896715
51 0.90936238 0.85729878 0.80235413 0.77740874 0.76542854 0.75005461 0.75312617 0.71480380 0.78492946 0.83998674 0.89087924 0.93075052 0.93975628 0.93975628 0.75442731 0.82012493 0.81374613 0.85514762 0.86936304 0.89206321 1.00000000 0.97586953 0.95055868 0.85896715
52 0.90936238 0.85729878 0.80235413 0.77740874 0.76542854 0.75005461 0.75312617 0.71480380 0.78492946 0.83998674 0.89087924 0.93075052 0.93975628 0.93975628 0.75442731 0.82012493 0.81374613 0.85514762 0.86936304 0.89206321 1.00000000 0.97586953 0.95055868 0.85896715
53 0.90936238 0.85729878 0.80235413 0.77740874 0.76542854 0.75005461 0.75312617 0.71480380 0.78492946 0.83998674 0.89087924 0.93075052 0.93975628 0.93975628 0.75442731 0.82012493 0.81374613 0.85514762 0.86936304 0.89206321 1.00000000 0.97586953 0.95055868 0.85896715
54 0.90936238 0.85729878 0.80235413 0.77740874 0.76542854 0.75005461 0.75312617 0.71480380 0.78492946 0.83998674 0.89087924 0.93075052 0.93975628 0.93975628 0.75442731 0.82012493 0.81374613 0.85514762 0.86936304 0.89206321 1.00000000 0.97586953 0.95055868 0.85896715
55 0.90936238 0.85729878 0.80235413 0.77740874 0.76542854 0.75005461 0.75312617 0.71480380 0.78492946 0.83998674 0.89087924 0.93075052 0.93975628 0.93975628 0.75442731 0.82012493 0.81374613 0.85514762 0.86936304 0.89206321 1.00000000 0.97586953 0.95055868 0.85896715
56 0.90936238 0.85729878 0.80235413 0.77740874 0.76542854 0.75005461 0.75312617 0.71480380 0.78492946 0.83998674 0.89087924 0.93075052 0.93975628 0.93975628 0.75442731 0.82012493 0.81374613 0.85514762 0.86936304 0.89206321 1.00000000 0.97586953 0.95055868 0.85896715
57 0.90936238 0.85729878 0.80235413 0.77740874 0.76542854 0.75005461 0.75312617 0.71480380 0.78492946 0.83998674 0.89087924 0.93075052 0.93975628 0.93975628 0.75442731 0.82012493 0.81374613 0.85514762 0.86936304 0.89206321 1.00000000 0.97586953 0.95055868 0.85896715
58 0.90936238 0.85729878 0.80235413 0.77740874 0.76542854 0.75005461 0.75312617 0.71480380 0.78492946 0.83998674 0.89087924 0.93075052 0.93975628 0.93975628 0.75442731 0.82012493 0.81374613 0.85514762 0.86936304 0.89206321 1.00000000 0.97586953 0.95055868 0.85896715
59 0.90936238 0.85729878 0.80235413 0.77740874 0.76542854 0.75005461 0.75312617 0.71480380 0.78492946 0.83998674 0.89087924 0.93075052 0.93975628 0.93975628 0.75442731 0.82012493 0.81374613 0.85514762 0.86936304 0.89206321 1.00000000 0.97586953 0.95055868 0.85896715
60 0.90936238 0.85729878 0.80235413 0.77740874 0.76542854 0.75005461 0.75312617 0.71480380 0.78492946 0.83998674 0.89087924 0.93075052 0.93975628 0.93975628 0.75442731 0.82012493 0.81374613 0.85514762 0.86936304 0.89206321 1.00000000 0.97586953 0.95055868 0.85896715
61 0.90936238 0.85729878 0.80235413 0.77740874 0.76542854 0.75005461 0.75312617 0.71480380 0.78492946 0.83998674 0.89087924 0.93075052 0.93975628 0.93975628 0.75442731 0.82012493 0.81374613 0.85514762 0.86936304 0.89206321 1.00000000 0.97586953 0.95055868 0.85896715
62 0.90936238 0.85729878 0.80235413 0.77740874 0.76542854 0.75005461 0.75312617 0.71480380 0.78492946 0.83998674 0.89087924 0.93075052 0.93975628 0.93975628 0.75442731 0.82012493 0.81374613 0.85514762 0.86936304 0.89206321 1.00000000 0.97586953 0.95055868 0.85896715
63 0.90936238 0.85729878 0.80235413 0.77740874 0.76542854 0.75005461 0.75312617 0.71480380 0.78492946 0.83998674 0.89087924 0.93075052 0.93975628 0.93975628 0.75442731 0.82012493 0.81374613 0.85514762 0.86936304 0.89206321 1.00000000 0.97586953 0.95055868 0.85896715
64 0.90936238 0.85729878 0.80235413 0.77740874 0.76542854 0.75005461 0.75312617 0.71480380 0.78492946 0.83998674 0.89087924 0.93075052 0.93975628 0.93975628 0.75442731 0.82012493 0.81374613 0.85514762 0.86936304 0.89206321 1.00000000 0.97586953 0.95055868 0.85896715
65 0.90936238 0.85729878 0.80235413 0.77740874 0.76542854 0.75005461 0.75312617 0.71480380 0.78492946 0.83998674 0.89087924 0.93075052 0.93975628 0.93975628 0.75442731 0.82012493 0.81374613 0.85514762 0.86936304 0.89206321 1.00000000 0.97586953 0.95055868 0.85896715
66 0.90936238 0.85729878 0.80235413 0.77740874 0.76542854 0.75005461 0.75312617 0.71480380 0.78492946 0.83998674 0.89087924 0.93075052 0.93975628 0.93975628 0.75442731 0.82012493 0.81374613 0.85514762 0.86936304 0.89206321 1.00000000 0.97586953 0.95055868 0.85896715
67 0.90936238 0.85729878 0.80235413 0.77740874 0.76542854 0.75005461 0.75312617 0.71480380 0.78492946 0.83998674 0.89087924 0.93075052 0.93975628 0.93975628 0.75442731 0.82012493 0.81374613 0.85514762 0.86936304 0.89206321 1.00000000 0.97586953 0.95055868 0.85896715
68 0.90936238 0.85729878 0.80235413 0.77740874 0.76542854 0.75005461 0.75312617 0.71480380 0.78492946 0.83998674 0.89087924 0.93075052 0.93975628 0.93975628 0.75442731 0.82012493 0.81374613 0.85514762 0.86936304 0.89206321 1.00000000 0.97586953 0.95055868 0.85896715
69 0.90936238 0.85729878 0.80235413 0.77740874 0.76542854 0.75005461 0.75312617 0.71480380 0.78492946 0.83998674 0.89087924 0.93075052 0.93975628 0.93975628 0.75442731 0.82012493 0.81374613 0.85514762 0.86936304 0.89206321 1.00000000 0.97586953 0.95055868 0.85896715