1.000000 0.000000 0.990748 -0.004796 0.945345 -0.055159 0.846461 -0.124950 0.005287 0.010100 0.011991 0.071944 0.059389 0.113443 
1.000000 0.000000 0.991142 -0.004425 0.947230 -0.051473 0.852025 -0.115264 0.004774 0.009120 0.010827 0.064962 0.053625 0.102434 
1.000000 0.000000 0.991553 -0.004019 0.949170 -0.047510 0.857849 -0.104918 0.004262 0.008141 0.009665 0.057992 0.047871 0.091442 
1.000000 0.000000 0.991728 -0.003840 0.949990 -0.045781 0.860340 -0.100422 0.004051 0.007738 0.009187 0.055121 0.045501 0.086915 
1.000000 0.000000 0.991815 -0.003751 0.950392 -0.044919 0.861570 -0.098186 0.003949 0.007543 0.008955 0.053728 0.044352 0.084720 
1.000000 0.000000 0.991955 -0.003604 0.951039 -0.043513 0.863561 -0.094545 0.003786 0.007231 0.008585 0.051511 0.042522 0.081224 
1.000000 0.000000 0.993512 -0.001798 0.957965 -0.026719 0.885905 -0.051560 0.002210 0.004222 0.005013 0.030075 0.024827 0.047424 
1.000000 0.000000 0.996159 0.002351 0.968158 0.009199 0.925609 0.038045 0.000988 0.001888 0.002241 0.013448 0.011101 0.021205 
1.000000 0.000000 0.997424 0.005272 0.971704 0.032999 0.946483 0.096429 0.001676 0.003202 0.003801 0.022809 0.018828 0.035965 
1.000000 0.000000 0.998085 0.007393 0.972736 0.049733 0.958747 0.137310 0.002840 0.005425 0.006440 0.038639 0.031896 0.060928 
1.000000 0.000000 0.997989 0.007038 0.972648 0.046959 0.956849 0.130536 0.002609 0.004983 0.005916 0.035496 0.029302 0.055971 
1.000000 0.000000 0.998509 0.009280 0.972664 0.064334 0.967867 0.173004 0.004303 0.008220 0.009759 0.058555 0.048336 0.092330 
1.000000 0.000000 0.998512 0.009298 0.972659 0.064468 0.967944 0.173332 0.004319 0.008250 0.009794 0.058763 0.048508 0.092659 
1.000000 0.000000 0.998372 0.008591 0.972795 0.059032 0.964725 0.160035 0.003724 0.007113 0.008445 0.050671 0.041828 0.079899 
1.000000 0.000000 0.998359 0.008530 0.972801 0.058562 0.964437 0.158884 0.003675 0.007020 0.008335 0.050007 0.041280 0.078852 
1.000000 0.000000 0.998234 0.007983 0.972811 0.054322 0.961771 0.148521 0.003255 0.006218 0.007382 0.044290 0.036561 0.069837 
1.000000 0.000000 0.996219 0.002469 0.968354 0.010184 0.926555 0.040472 0.000994 0.001898 0.002254 0.013522 0.011162 0.021322 
1.000000 0.000000 0.993557 -0.001740 0.958158 -0.026196 0.886560 -0.050233 0.002172 0.004149 0.004925 0.029553 0.024395 0.046599 
1.000000 0.000000 0.991225 -0.004344 0.947627 -0.050676 0.853208 -0.113180 0.004668 0.008917 0.010586 0.063518 0.052433 0.100156 
1.000000 0.000000 0.990878 -0.004675 0.945971 -0.053953 0.848298 -0.121773 0.005116 0.009772 0.011601 0.069605 0.057458 0.109755 
1.000000 0.000000 0.990006 -0.005455 0.941727 -0.061839 0.836004 -0.142658 0.006309 0.012052 0.014308 0.085849 0.070867 0.135368 
1.000000 0.000000 0.990210 -0.005279 0.942732 -0.060032 0.838881 -0.137848 0.006021 0.011501 0.013654 0.081926 0.067629 0.129183 
1.000000 0.000000 0.990411 -0.005102 0.943711 -0.058237 0.841704 -0.133082 0.005743 0.010971 0.013024 0.078146 0.064509 0.123223 
1.000000 0.000000 0.991133 -0.004433 0.947190 -0.051552 0.851906 -0.115473 0.004785 0.009140 0.010851 0.065108 0.053746 0.102664 
